26.74
26.40
29.37
36.73
28.46
30.95
15.92
18.59
19.06
21.55
28.91
39.59
60.95
42.68
43.15
43.98
45.64
53.00
74.36
19.02
20.68
38.72
18.67
32.38
35.20
48.40
50.90
32.47
42.81
24.81
22.26
42.91
54.96
31.76
30.15
31.59
36.95
27.12
41.57
31.86
29.54
35.68
39.81
37.77
44.36
42.96
31.13
25.81
33.80
34.39
31.13
29.86
40.33
43.23
39.52
36.88
39.43
28.31
38.35
37.74
20.92
34.51
28.61
33.36
37.75
34.76
39.66
33.31
26.86
29.81
31.82
18.12
36.73
25.62
22.22
25.67
21.66
38.83
19.25
32.89
24.30
32.24
29.01
31.46
29.06
35.06
24.18
33.31
19.62
32.10
27.43
26.73
33.37
38.68
41.52
36.39
27.39
21.89
34.73
30.99
38.92
21.20
23.83
22.94
39.29
47.46
49.93
22.90
29.64
26.02
37.82
38.94
40.25
34.76
32.06
25.10
18.52
28.02
34.74
19.42
32.71
35.24
27.90
32.62
37.86
36.39
36.02
29.25
36.17
27.11
29.41
41.32
28.66
31.53
18.14
36.67
25.62
22.33
25.37
21.79
38.77
19.09
32.81
24.40
32.16
29.02
31.39
29.05
35.02
24.10
33.20
19.70
31.99
27.25
26.73
33.61
38.90
41.37
36.40
27.62
21.92
34.71
31.23
38.90
21.16
23.83
22.85
39.55
47.52
49.82
23.02
29.85
25.96
37.88
38.98
40.19
34.90
31.85
25.14
18.52
27.96
34.96
19.37
33.00
32.49
42.78
24.84
22.14
43.09
55.03
31.60
30.28
31.46
36.88
27.18
41.57
31.73
29.43
35.65
39.75
37.56
44.15
43.10
31.29
25.75
33.62
34.52
31.11
29.81
40.47
43.18
39.43
37.05
39.69
28.14
38.36
37.89
20.82
34.48
28.72
33.22
37.75
34.57
39.76
33.46
26.91
29.98
31.80
