35.86
858.42
1206.63
2070.18
574.40
866.89
-2001.90
-1703.53
-923.49
-631.00
232.55
1486.10
3993.19
3235.91
3291.62
3389.12
3584.12
4447.67
6954.76
-515.84
-320.84
1796.26
-728.13
1161.88
2509.74
3045.75
3338.24
293.32
-720.76
-1501.57
-2195.66
-1026.21
1760.58
-2773.81
793.78
932.74
-1317.59
-1216.70
923.23
50.55
-2663.20
-1606.61
1110.91
1248.36
2380.88
561.25
-383.15
-2461.63
-1031.43
-919.05
-270.81
268.91
725.08
1426.53
1128.33
-1413.02
1276.47
-2408.87
177.55
400.79
-1632.04
217.43
-78.00
16.81
-857.49
-791.38
372.90
317.33
-1889.29
-1568.95
-87.63
-626.79
224.61
-1612.37
-1703.05
-150.70
-2047.42
937.58
-3031.49
-1597.83
-2076.64
-1407.49
-0.48
-1748.99
-2862.50
519.30
-2154.20
-0.77
-2430.60
-2461.58
-647.39
-2112.23
-1418.96
-84.56
1186.56
168.65
9.06
-3020.20
-1154.55
-1612.09
1527.20
-2702.64
-1806.23
-3111.15
184.30
1508.97
925.31
-2149.73
-1989.43
-2776.84
475.06
-88.93
1088.74
-1100.12
401.96
-2126.71
-2987.11
-331.75
-1774.77
-2896.50
-270.35
-560.98
-1685.76
-1119.93
-582.06
-766.41
-1237.04
-1998.42
-744.13
-2683.63
-993.20
-632.14
-1203.82
-917.89
-630.68
228.18
-1613.14
-1696.80
-163.82
-2042.88
939.38
-3042.25
-1597.74
-2077.02
-1403.01
-1.98
-1750.67
-2859.83
522.45
-2161.97
-7.15
-2420.90
-2472.90
-661.24
-2114.81
-1410.61
-78.27
1176.16
166.70
26.44
-3020.55
-1156.44
-1606.61
1517.13
-2706.22
-1806.53
-3117.43
200.15
1510.76
916.37
-2148.90
-1984.95
-2778.18
476.30
-88.37
1092.31
-1089.79
391.33
-2129.00
-2980.88
-337.54
-1761.81
-2899.60
-256.52
293.16
-723.95
-1505.93
-2211.37
-1019.74
1760.13
-2785.96
789.61
929.71
-1325.45
-1219.61
921.78
41.62
-2670.77
-1610.13
1104.90
1245.04
2371.84
563.85
-377.32
-2471.46
-1040.97
-909.46
-270.40
266.77
732.11
1421.46
1122.13
-1405.52
1290.57
-2414.13
175.70
414.18
-1637.49
220.51
-70.78
3.42
-861.28
-798.54
379.43
326.22
-1893.13
-1560.34
-93.34
